20.000000, 5.349
20.299999, 5.333
20.600000, 5.319
20.900000, 5.305
21.200001, 5.292
21.400000, 5.282
21.799999, 5.264
22.000000, 5.255
22.400000, 5.238
22.700001, 5.225
23.000000, 5.213
23.299999, 5.201
23.600000, 5.189
24.000000, 5.174
24.299999, 5.162
24.700001, 5.147
25.000000, 5.137
25.400000, 5.123
25.799999, 5.110
26.200001, 5.096
26.500000, 5.087
26.900000, 5.075
27.200001, 5.066
27.600000, 5.054
28.000000, 5.043
28.500000, 5.030
29.000000, 5.017
29.500000, 5.004
30.000000, 4.992
30.400000, 4.982
30.700001, 4.976
31.100000, 4.967
31.500000, 4.959
32.000000, 4.949
32.500000, 4.938
33.000000, 4.928
33.500000, 4.918
34.000000, 4.909
34.500000, 4.900
35.000000, 4.892
35.500000, 4.883
36.000000, 4.876
36.500000, 4.868
37.000000, 4.861
37.500000, 4.854
38.200001, 4.844
38.700001, 4.837
39.500000, 4.826
40.000000, 4.820
40.599998, 4.812
41.200001, 4.805
41.799999, 4.798
42.500000, 4.790
43.099998, 4.783
43.700001, 4.776
44.400002, 4.768
45.000000, 4.762
45.500000, 4.756
46.200001, 4.748
46.799999, 4.741
47.500000, 4.734
48.200001, 4.726
48.700001, 4.720
49.400002, 4.712
50.000000, 4.705
50.799999, 4.696
51.500000, 4.687
52.200001, 4.679
53.000000, 4.669
53.799999, 4.658
54.500000, 4.649
55.200001, 4.639
56.000000, 4.627
57.000000, 4.613
58.000000, 4.598
59.000000, 4.582
60.000000, 4.566
60.799999, 4.553
61.500000, 4.541
62.200001, 4.530
63.000000, 4.516
64.000000, 4.499
65.000000, 4.480
66.000000, 4.462
67.000000, 4.444
68.000000, 4.426
69.000000, 4.407
70.000000, 4.389
71.000000, 4.371
72.000000, 4.354
73.000000, 4.336
74.000000, 4.319
75.000000, 4.303
76.199997, 4.283
77.500000, 4.263
78.800003, 4.244
80.000000, 4.228
81.199997, 4.212
82.500000, 4.196
83.800003, 4.180
85.000000, 4.167
86.199997, 4.154
87.500000, 4.141
88.500000, 4.130
90.000000, 4.114
91.199997, 4.102
92.500000, 4.088
93.800003, 4.075
95.000000, 4.062
96.199997, 4.049
97.500000, 4.035
98.800003, 4.020
100.000000, 4.006
101.500000, 3.988
103.000000, 3.969
104.400002, 3.951
106.000000, 3.930
107.500000, 3.910
109.000000, 3.889
110.599998, 3.866
112.000000, 3.846
113.800003, 3.820
115.000000, 3.802
117.199997, 3.769
118.000000, 3.756
120.599998, 3.716
122.000000, 3.694
124.099998, 3.661
125.000000, 3.647
126.500000, 3.623
128.000000, 3.600
131.500000, 3.545
132.000000, 3.537
134.000000, 3.506
136.000000, 3.475
138.000000, 3.444
140.000000, 3.413
143.000000, 3.367
145.000000, 3.337
147.500000, 3.301
150.000000, 3.265
152.500000, 3.231
155.000000, 3.198
157.500000, 3.165
160.000000, 3.133
162.500000, 3.103
165.000000, 3.074
167.500000, 3.045
170.000000, 3.018
172.500000, 2.991
175.000000, 2.966
177.500000, 2.942
180.000000, 2.918
182.500000, 2.896
185.000000, 2.875
187.500000, 2.854
190.000000, 2.835
192.500000, 2.816
195.000000, 2.799
197.500000, 2.782
200.000000, 2.766
203.000000, 2.749
206.000000, 2.731
209.000000, 2.715
212.000000, 2.700
214.000000, 2.692
218.000000, 2.675
220.000000, 2.668
224.000000, 2.655
227.000000, 2.646
230.000000, 2.638
233.000000, 2.631
236.000000, 2.624
240.000000, 2.617
243.000000, 2.612
247.000000, 2.607
250.000000, 2.603
254.000000, 2.600
258.000000, 2.598
262.000000, 2.597
265.000000, 2.596
269.000000, 2.597
272.000000, 2.598
276.000000, 2.599
280.000000, 2.601
285.000000, 2.603
290.000000, 2.606
295.000000, 2.611
300.000000, 2.617
304.000000, 2.623
307.000000, 2.628
311.000000, 2.635
315.000000, 2.642
320.000000, 2.651
325.000000, 2.659
330.000000, 2.668
335.000000, 2.677
340.000000, 2.687
345.000000, 2.698
350.000000, 2.709
355.000000, 2.721
360.000000, 2.733
365.000000, 2.747
370.000000, 2.762
375.000000, 2.778
382.000000, 2.802
387.000000, 2.819
395.000000, 2.846
400.000000, 2.863
406.000000, 2.882
412.000000, 2.899
418.000000, 2.912
425.000000, 2.922
431.000000, 2.926
437.000000, 2.924
444.000000, 2.915
450.000000, 2.903
455.000000, 2.889
462.000000, 2.867
468.000000, 2.846
475.000000, 2.819
482.000000, 2.791
487.000000, 2.771
494.000000, 2.742
500.000000, 2.718
508.000000, 2.685
515.000000, 2.655
522.000000, 2.623
530.000000, 2.586
538.000000, 2.548
545.000000, 2.512
552.000000, 2.474
560.000000, 2.429
570.000000, 2.369
580.000000, 2.306
590.000000, 2.240
600.000000, 2.171
608.000000, 2.116
615.000000, 2.067
622.000000, 2.018
630.000000, 1.962
640.000000, 1.892
650.000000, 1.823
660.000000, 1.755
670.000000, 1.690
680.000000, 1.627
690.000000, 1.566
700.000000, 1.509
710.000000, 1.454
720.000000, 1.403
730.000000, 1.357
740.000000, 1.314
750.000000, 1.275
762.000000, 1.234
775.000000, 1.195
788.000000, 1.162
800.000000, 1.138
812.000000, 1.118
825.000000, 1.101
838.000000, 1.089
850.000000, 1.083
862.000000, 1.080
875.000000, 1.081
885.000000, 1.085
900.000000, 1.095
912.000000, 1.106
925.000000, 1.122
938.000000, 1.141
950.000000, 1.162
962.000000, 1.186
975.000000, 1.215
988.000000, 1.247
1000.000000, 1.279
1015.000000, 1.323
1030.000000, 1.371
1044.000000, 1.418
1060.000000, 1.474
1075.000000, 1.530
1090.000000, 1.588
1106.000000, 1.651
1120.000000, 1.708
1138.000000, 1.782
1150.000000, 1.832
1172.000000, 1.925
1180.000000, 1.959
1206.000000, 2.069
1220.000000, 2.129
1241.000000, 2.218
1250.000000, 2.256
1265.000000, 2.319
1280.000000, 2.382
1315.000000, 2.526
1320.000000, 2.547
1340.000000, 2.627
1360.000000, 2.708
1380.000000, 2.787
1400.000000, 2.865
1430.000000, 2.982
1450.000000, 3.059
1475.000000, 3.156
1500.000000, 3.253
1525.000000, 3.351
1550.000000, 3.451
1575.000000, 3.552
1600.000000, 3.656
1625.000000, 3.762
1650.000000, 3.872
1675.000000, 3.986
1700.000000, 4.103
1725.000000, 4.224
1750.000000, 4.350
1775.000000, 4.481
1800.000000, 4.617
1825.000000, 4.758
1850.000000, 4.905
1875.000000, 5.058
1900.000000, 5.216
1925.000000, 5.379
1950.000000, 5.547
1975.000000, 5.719
2000.000000, 5.895
2030.000000, 6.110
2060.000000, 6.328
2090.000000, 6.547
2120.000000, 6.767
2140.000000, 6.912
2180.000000, 7.199
2200.000000, 7.341
2240.000000, 7.617
2270.000000, 7.818
2300.000000, 8.012
2330.000000, 8.199
2360.000000, 8.378
2400.000000, 8.604
2430.000000, 8.764
2470.000000, 8.965
2500.000000, 9.105
2540.000000, 9.280
2580.000000, 9.439
2620.000000, 9.583
2650.000000, 9.682
2690.000000, 9.801
2720.000000, 9.880
2760.000000, 9.972
2800.000000, 10.049
2850.000000, 10.125
2900.000000, 10.178
2950.000000, 10.207
3000.000000, 10.213
3040.000000, 10.202
3070.000000, 10.184
3110.000000, 10.147
3150.000000, 10.097
3200.000000, 10.018
3250.000000, 9.922
3300.000000, 9.811
3350.000000, 9.686
3400.000000, 9.550
3450.000000, 9.403
3500.000000, 9.249
3550.000000, 9.089
3600.000000, 8.924
3650.000000, 8.754
3700.000000, 8.582
3750.000000, 8.408
3820.000000, 8.164
3870.000000, 7.990
3950.000000, 7.712
4000.000000, 7.541
4060.000000, 7.338
4120.000000, 7.138
4180.000000, 6.943
4250.000000, 6.720
4310.000000, 6.534
4370.000000, 6.352
4440.000000, 6.147
4500.000000, 5.977
4550.000000, 5.839
4620.000000, 5.653
4680.000000, 5.499
4750.000000, 5.326
4820.000000, 5.161
4870.000000, 5.046
4940.000000, 4.893
5000.000000, 4.767
5080.000000, 4.606
5150.000000, 4.472
5220.000000, 4.344
5300.000000, 4.205
5380.000000, 4.073
5450.000000, 3.962
5520.000000, 3.857
5600.000000, 3.743
5700.000000, 3.608
5800.000000, 3.482
5900.000000, 3.364
6000.000000, 3.255
6080.000000, 3.173
6150.000000, 3.107
6220.000000, 3.045
6300.000000, 2.980
6400.000000, 2.905
6500.000000, 2.839
6600.000000, 2.783
6700.000000, 2.735
6800.000000, 2.695
6900.000000, 2.664
7000.000000, 2.640
7100.000000, 2.623
7200.000000, 2.612
7300.000000, 2.605
7400.000000, 2.600
7500.000000, 2.595
7620.000000, 2.585
7750.000000, 2.565
7880.000000, 2.530
8000.000000, 2.481
8120.000000, 2.414
8250.000000, 2.322
8380.000000, 2.212
8500.000000, 2.097
8620.000000, 1.971
8750.000000, 1.824
8850.000000, 1.707
9000.000000, 1.527
9120.000000, 1.378
9250.000000, 1.214
9380.000000, 1.047
9500.000000, 0.892
9620.000000, 0.735
9750.000000, 0.563
9880.000000, 0.389
10000.000000, 0.228
10150.000000, 0.026
10300.000000, -0.177
10440.000000, -0.366
10600.000000, -0.581
10750.000000, -0.781
10900.000000, -0.979
11060.000000, -1.187
11200.000000, -1.366
11380.000000, -1.589
11500.000000, -1.733
11720.000000, -1.988
11800.000000, -2.078
12060.000000, -2.355
12200.000000, -2.497
12410.000000, -2.697
12500.000000, -2.778
12650.000000, -2.908
12800.000000, -3.031
13150.000000, -3.299
13200.000000, -3.335
13400.000000, -3.477
13600.000000, -3.613
13800.000000, -3.744
14000.000000, -3.873
14300.000000, -4.063
14500.000000, -4.190
14750.000000, -4.349
15000.000000, -4.511
15250.000000, -4.677
15500.000000, -4.848
15750.000000, -5.023
16000.000000, -5.204
16250.000000, -5.390
16500.000000, -5.580
16750.000000, -5.776
17000.000000, -5.975
17250.000000, -6.177
17500.000000, -6.381
17750.000000, -6.585
18000.000000, -6.789
18250.000000, -6.992
18500.000000, -7.196
18750.000000, -7.406
19000.000000, -7.647
19250.000000, -7.961
19500.000000, -8.381
19750.000000, -8.870
20000.000000, -9.251
