20	-6.325371139878345
20.290906698750476	-6.343775601343462
20.586044732869844	-6.3620671710251875
20.885475648548283	-6.380102527601629
21.189261887185914	-6.397730355078304
21.49746679841394	-6.414814023114458
21.810154653305165	-6.43124157078552
22.12739065777668	-6.446927280954193
22.449240966187475	-6.461808424563689
22.77577269513385	-6.475839938636485
23.107053937445478	-6.488989017528146
23.44315377638505	-6.501230902160678
23.784142300054445	-6.512546551493597
24.130090616010463	-6.52292235319888
24.481070866093134	-6.532351555231719
24.837156241469714	-6.540836681092426
25.1984209978975	-6.548391883288485
25.56494047120865	-6.555044116989527
25.936791093020236	-6.56083235613275
26.3140504066728	-6.565804833477572
26.69679708340074	-6.570015010271763
27.08511093873791	-6.57351726447667
27.47907294916184	-6.576363185113713
27.878765268980047	-6.578599079762697
28.284271247461966	-6.580264955025407
28.695675446220072	-6.581394877875586
29.11306365684382	-6.582018354653952
29.536522918790062	-6.582162215319353
29.966141537533712	-6.58185245364704
30.402009102982383	-6.581115539824073
30.844216508158908	-6.579978905914665
31.29285596815558	-6.57847062555942
31.74802103936409	-6.576618644851022
32.20980663898519	-6.574449970578939
32.67830906482211	-6.571990063415973
33.153626015361866	-6.569262593164789
33.63585661014871	-6.566289655320262
34.125101410453844	-6.563092395953748
34.62146244024586	-6.559691801672158
35.12504320746613	-6.556109325704802
35.635948725613716	-6.5523670897671265
36.15428553564419	-6.548487600037554
36.68016172818701	-6.544493121600528
37.21368696608603	-6.54040490983262
37.754972507267915	-6.536242467925778
38.30413122794313	-6.532023048142825
38.86127764614443	-6.527761652373404
39.4265279456077	-6.523471638301564
40.000000000000206	-6.519165767469047
40.58181339750116	-6.514857312404697
41.1720894657399	-6.5105607878656
41.77095129709678	-6.506292074268971
42.37852377437204	-6.502068063407855
42.9949335968281	-6.497906150865118
43.62030930661056	-6.493823845109774
44.25478131555359	-6.489838594254267
44.89848193237519	-6.48596775812335
45.55154539026795	-6.482228584389709
46.21410787489121	-6.47863809184049
46.88630755277036	-6.475212807419765
47.56828460010916	-6.471968318060315
48.260181232021196	-6.468918675330559
48.962141732186545	-6.466075819763056
49.674312482939705	-6.463449221384948
50.39684199579528	-6.461045824116023
51.129880942417586	-6.458870234223675
51.873582186040764	-6.45692499855419
52.628100813345895	-6.455210836678626
53.393594166801776	-6.453726793050644
54.17022187747612	-6.452470397040299
54.95814589832399	-6.45143800420334
55.75753053796041	-6.450625486770273
56.56854249492426	-6.45002929499394
57.39135089244048	-6.4496476560600975
58.226127313687975	-6.449481518234996
59.073045837580466	-6.449534918276583
59.932283075067765	-6.4498146227216715
60.804018205965114	-6.450329051360302
61.68843301631817	-6.451086635180404
62.58571193631152	-6.452093925730811
63.49604207872855	-6.453353940765799
64.41961327797075	-6.454865290924529
65.35661812964459	-6.45662248085808
66.3072520307241	-6.458617407505844
67.27171322029778	-6.460841676577813
68.25020282090806	-6.463289109258189
69.2429248804921	-6.465957732302781
70.25008641493265	-6.468850616560521
71.27189745122783	-6.471975177553077
72.30857107128878	-6.475341003325378
73.36032345637442	-6.478956808040891
74.42737393217246	-6.482827458581692
75.50994501453623	-6.486952055534543
76.60826245588666	-6.49132373852145
77.72255529228926	-6.495931331014504
78.85305589121582	-6.500762351814918
80.00000000000082	-6.50580646635007
81.16362679500274	-6.511058246089571
82.34417893148023	-6.516518161552016
83.541902594194	-6.522191061195014
84.75704754874454	-6.528081910113494
85.98986719365665	-6.534189015512855
87.24061861322157	-6.54049531816432
88.50956263110764	-6.546958678109349
89.79696386475084	-6.553502487910452
91.10309078053635	-6.560008383547518
92.42821574978288	-6.566313174207622
93.77261510554118	-6.572212175391647
95.13656920021877	-6.577470656457373
96.52036246404286	-6.581843895346734
97.92428346437356	-6.585104348781256
99.34862496587989	-6.5870720357603245
100.79368399159105	-6.5876421380276415
102.25976188483567	-6.5868030726762195
103.74716437208203	-6.5846399976800765
105.25620162669229	-6.5813227703634265
106.78718833360406	-6.57708169117424
108.34044375495276	-6.572177041928615
109.9162917966485	-6.566869016426075
111.51506107592134	-6.561393316807883
113.13708498984903	-6.555945415407146
114.78270178488147	-6.55067413270454
116.45225462737648	-6.54568323246267
118.14609167516147	-6.541038380299154
119.86456615013608	-6.536776335436708
121.60803641193078	-6.532913617738658
123.3768660326369	-6.529452906987449
125.17142387262359	-6.526386709575905
126.99208415745765	-6.523699073458596
128.83922655594208	-6.521366744669434
130.71323625928977	-6.519360769979105
132.61450406144883	-6.517648475399279
134.5434264405962	-6.516195290688088
136.50040564181674	-6.5149660870100305
138.48584976098482	-6.513925942409717
140.50017282986593	-6.51304034765489
142.5437949024563	-6.512275035952984
144.61714214257822	-6.511595748085404
146.7206469127495	-6.510968233036352
148.8547478643456	-6.510358640560498
151.01989002907314	-6.50973440970964
153.216524911774	-6.509065667245355
155.4451105845792	-6.508327019785904
157.70611178243232	-6.5074994006243365
160.00000000000236	-6.50657145052924
162.3272535900062	-6.505539998587852
164.6883578629612	-6.504409511109888
167.08380518838874	-6.503190723202287
169.51409509748981	-6.501898876091787
171.97973438731407	-6.500551861019446
174.4812372264439	-6.499168196113255
177.01912526221608	-6.49776472280759
179.5939277295025	-6.496354282426362
182.20618156107355	-6.494943973237975
184.85643149956664	-6.493534538958409
187.54523021108326	-6.492121166586031
190.27313840043846	-6.490695532208963
193.04072492808663	-6.489248556488547
195.84856692874806	-6.487773110725265
198.69724993176072	-6.486266250825246
201.58736798318304	-6.484731104459163
204.5195237696723	-6.483178610811473
207.49432874416505	-6.481628845233548
210.5124032533856	-6.4801113090508204
213.57437666720915	-6.4786638860890235
216.68088750990657	-6.477331147168991
219.83258359329807	-6.4761634246506
223.03012215184378	-6.4752176954126455
226.2741699796992	-6.4745601261109815
229.5654035697641	-6.474268949049148
232.90450925475412	-6.474435905088138
236.2921833503241	-6.475164828794164
239.72913230027333	-6.47656622388301
243.21607282386276	-6.478746617808545
246.75373206527502	-6.481793113333955
250.34284774524843	-6.485756453234278
253.9841683149166	-6.490637828137484
257.67845311188546	-6.496383631446172
261.42647251858085	-6.502890162683933
265.22900812289896	-6.51001686506767
269.08685288119375	-6.517604455196876
273.0008112836349	-6.525492371103787
276.97169952197106	-6.533530362401598
281.00034565973334	-6.541581524473381
285.0875898049141	-6.549517590255197
289.23428428515797	-6.557210170978873
293.44129382550057	-6.564522564374426
297.7094957286928	-6.571305911821226
302.0397800581479	-6.577402248186698
306.4330498235497	-6.582655497016751
310.89022116916016	-6.5869287761568
315.41222356486645	-6.590123184315107
320.00000000000654	-6.592191513703759
324.6545071800142	-6.593141674980144
329.3767157259242	-6.593028390496214
334.16761037677935	-6.591937104211567
339.02819019498156	-6.589965779850178
343.95946877463007	-6.5872097558653255
348.9624744528898	-6.583752645479956
354.03825052443415	-6.579664252098439
359.187855459007	-6.575004406751385
364.4123631221491	-6.569829992477317
369.71286299913527	-6.56420155048002
375.0904604221685	-6.558186403627626
380.54627680087896	-6.551856784988179
386.08144985617537	-6.545283540660839
391.6971338574982	-6.538526521433839
397.3944998635236	-6.531622297359464
403.1747359663683	-6.52457138067174
409.0390475393468	-6.517330211547296
414.9886574883323	-6.509813446898535
421.0248065067734	-6.501906769282989
427.1487533344206	-6.493484309452968
433.3617750198154	-6.484423111517816
439.6651671865984	-6.4746091078069306
446.06024430368984	-6.463932904592743
452.54833995940066	-6.452277253373805
459.13080713953053	-6.439499554281865
465.8090185095106	-6.425414016421056
472.58436670065066	-6.409781371767808
479.45826460054917	-6.39231683470381
486.432145647728	-6.372723356578902
493.50746413055253	-6.3507468239067135
500.6856954904994	-6.326237699061104
507.9683366298358	-6.2991959616996
515.3569062237735	-6.269780709710958
522.8529450371643	-6.238277951776011
530.4580162458005	-6.205041121567856
538.1737057623901	-6.170425892550002
546.0016225672724	-6.1347406679695435
553.9433990439449	-6.098225348054966
562.0006913194694	-6.061060126499884
570.1751796098309	-6.0233956510365125
578.4685685703187	-5.985388668909938
586.8825876510039	-5.947228662893372
595.4189914573883	-5.909148304914003
604.0795601162986	-5.871415693250045
612.8660996471021	-5.834306464433484
621.780442338323	-5.798061377150572
630.8244471297356	-5.762845228955418
640.0000000000159	-5.728725075796707
649.3090143600314	-5.695675184938418
658.7534314518515	-5.663603159576551
668.3352207535618	-5.63237969972693
678.0563803899662	-5.601863596018586
687.9189375492632	-5.571920257628548
697.9249489057827	-5.54243846543751
708.0765010488715	-5.5133435386721175
718.3757109180171	-5.484605647696789
728.8247262443015	-5.456246605616477
739.425725998274	-5.428351448362661
750.1809208443404	-5.4010817838977445
761.0925536017613	-5.3746822701033246
772.1628997123541	-5.349467176594682
783.3942677149998	-5.325775696687827
794.7889997270506	-5.303887022267912
806.34947193274	-5.283915657682149
818.0780950786972	-5.26573030023357
829.9773149766683	-5.24894808977735
842.0496130135506	-5.233011802904698
854.2975066688449	-5.21730710362847
866.7235500396347	-5.201267062288123
879.3303343732008	-5.184423708659587
892.1204886073838	-5.166400433797103
905.0966799188055	-5.146866930993955
918.2616142790653	-5.1254830826665545
931.6180370190256	-5.101846806761655
945.1687334013056	-5.07545038556649
958.9165292011028	-5.045654283422454
972.8642912954606	-5.011704889451597
987.0149282611097	-4.972827414795086
1001.3713909810035	-4.92839177599458
1015.9366732596762	-4.8780832491300545
1030.7138124475518	-4.821983541400276
1045.7058900743334	-4.760496261310662
1060.916032491606	-4.694179169512892
1076.3474115247852	-4.62355758619008
1092.0032451345498	-4.549009089290048
1107.8867980878947	-4.470741269589881
1124.0013826389438	-4.3888332319944805
1140.350359219667	-4.303293579170981
1156.9371371406426	-4.214133600275509
1173.765175302013	-4.121456367586938
1190.837982914782	-4.025538908174782
1208.1591202326028	-3.926855632043773
1225.73219929421	-3.8259995985134405
1243.5608846766518	-3.7235147633081414
1261.648894259477	-3.619716692133632
1280.0000000000375	-3.5145952285500552
1298.6180287200684	-3.4078484223856513
1317.5068629037087	-3.2990186950175926
1336.6704415071292	-3.1876637887645067
1356.112760779938	-3.0734961500887596
1375.8378750985323	-2.9564697582461394
1395.8498978115715	-2.8368224302432217
1416.153002097749	-2.7150598520382667
1436.7514218360407	-2.59188152451915
1457.6494524886093	-2.4680485446931284
1478.8514519965543	-2.3442440297993636
1500.3618416886875	-2.2209500673076166
1522.1851072035295	-2.0983577651349714
1544.3257994247153	-1.9763405491906514
1566.788535430007	-1.8544933082183483
1589.5779994541087	-1.732321174512063
1612.6989438654878	-1.6094990584740239
1636.156190157402	-1.4861172266056875
1659.9546299533442	-1.3626882166533065
1684.099226027109	-1.2399066844189093
1708.5950133376978	-1.1183657903927318
1733.4471000792773	-0.9983613349448514
1758.6606687464096	-0.8798824648637906
1784.2409772147755	-0.7627277421748374
1810.193359837619	-0.6466387809811298
1836.5232285581387	-0.5313462798446433
1863.2360740380593	-0.41650827397260154
1890.3374668026197	-0.30154847858646705
1917.833058402214	-0.18546172919582946
1945.7285825909298	-0.06676694156767232
1974.0298565222283	0.056160501283773194
2002.7427819620161	0.18435863277459974
2031.8733465193618	0.31751945575610285
2061.4276248951132	0.4537052595533535
2091.411780148677	0.5899499666646473
2121.832064983222	0.7231472545788564
2152.694823049581	0.8507434843604736
2184.0064902691106	0.9711067220682955
2215.7735961758003	1.0833776889211206
2248.002765277899	1.187296375927587
2280.7007184393456	1.2829023294533124
2313.874274281297	1.3703534681386726
2347.530350604038	1.4495635398867133
2381.6759658295764	1.5198470656788103
2416.318240465218	1.579470700498638
2451.4643985884327	1.6255015049659145
2487.1217693533167	1.65510046547113
2523.2977885189675	1.667582051742453
2560.0000000000887	1.6658234008541377
2597.236057440151	1.6547371781615592
2635.0137258074315	1.6391140718667436
2673.340883014273	1.6226626669340394
2712.225521559891	1.6073536310895498
2751.6757501970797	1.593335852526093
2791.699795623158	1.5796301336894218
2832.3060041955137	1.5647385424632114
2873.502843672097	1.5472706009144097
2915.2989049772345	1.5256151390598887
2957.7029039931244	1.4980622434553632
3000.723683377391	1.4632726250806214
3044.370214407075	1.4203700101834704
3088.6515988494466	1.3695485062709034
3133.57707086003	1.3117150648076839
3179.1559989082334	1.2476405920153788
3225.3978877309914	1.1773597912746243
3272.3123803148205	1.1002397486480184
3319.9092599067053	1.0154751684413081
3368.198452054235	0.9224749672419406
3417.190026675413	0.8210574309826443
3466.8942001585724	0.7114718090057861
3517.3213374928373	0.5941945640823537
3568.4819544295697	0.4697525200049986
3620.386719675257	0.3385498732714171
3673.0464571162966	0.20094162097437882
3726.472148076138	0.05746338956702088
3780.6749336052594	-0.0911627553619481
3835.6661168044484	-0.2442812358139778
3891.45716518188	-0.4013227232026429
3948.059713044477	-0.5616490950396619
4005.4855639240527	-0.7243703213876665
4063.746693038744	-0.8885756656875957
4122.855249790247	-1.0540028460644135
4182.823560297375	-1.2206641689461613
4243.664129966465	-1.3887994033284508
4305.389646099183	-1.5582737030075362
4368.012980538242	-1.7288155243644825
4431.5471923516225	-1.9000512200058874
4496.00553055582	-2.071818061294554
4561.401436878714	-2.2436597327598298
4627.748548562617	-2.4153302183860275
4695.060701208099	-2.5866255587552107
4763.351931659176	-2.757702071142531
4832.63648093046	-2.928763926551886
4902.928797176889	-3.100641187144132
4974.243538706657	-3.2743456287806088
5046.595577037959	-3.4504203853567046
5120.000000000202	-3.62829316916057
5194.472114880326	-3.806264532514857
5270.027451614888	-3.9823142216789673
5346.6817660285715	-4.154400998800281
5424.451043119808	-4.321322992638804
5503.351500394186	-4.4819751717950576
5583.399591246343	-4.635025826514009
5664.612008391055	-4.7792773384047935
5747.005687344222	-4.915763739637966
5830.597809954497	-5.043721226496548
5915.405807986278	-5.1619651371180915
6001.447366754812	-5.269268692679784
6088.740428814181	-5.360232799000537
6177.303197698925	-5.431477627939681
6267.154141720092	-5.476722278133688
6358.3119978165005	-5.492153946352261
6450.795775462017	-5.48240860700265
6544.624760629676	-5.452280429820477
6639.818519813445	-5.404711671505688
6736.396904108505	-5.343824682832422
6834.380053350861	-5.271747922571591
6933.788400317181	-5.190032808748161
7034.642674985712	-5.099197050894536
7136.963908859177	-5.00045017523476
7240.773439350552	-4.894398582690052
7346.092914232631	-4.782086101161454
7452.944296152315	-4.665025879704766
7561.349867210557	-4.54588124133558
7671.332233608935	-4.43068279899466
7782.914330363799	-4.334442089090365
7896.119426088994	-4.272238549068152
8010.971127848146	-4.266867407534192
8127.49338607753	-4.351698664308105
8245.710499580537	-4.497654952933243
8365.647120594791	-4.700210472956656
8487.328259932974	-4.936141402114301
8610.77929219841	-5.196510025993984
8736.025961076528	-5.474067821354876
8863.094384703289	-5.76832862803295
8992.011061111683	-6.075310610272147
9122.802873757471	-6.395427882522758
9255.497097125279	-6.725285399193705
9390.121402416245	-7.0652232469504685
9526.7038633184	-7.41312237888443
9665.272961860968	-7.766028981569969
9805.857594353829	-8.112892330844298
9948.487077413367	-8.437891279429834
10093.19115407597	-8.724991101572973
10240.000000000457	-8.983277049687315
10388.944229760706	-9.224799935022304
10540.05490322983	-9.456560530189051
10693.363532057198	-9.68493194717996
10848.902086239672	-9.912407327967099
11006.703000788428	-10.139291131760617
11166.799182492743	-10.366024173412875
11329.224016782166	-10.592105957633835
11494.0113746885	-10.818046916188122
11661.195619909053	-11.042371542235879
11830.811615972614	-11.265927239915458
12002.894733509682	-11.48801807212147
12177.48085762842	-11.710233331751487
12354.606395397908	-11.929633854623393
12534.308283440243	-12.147092558710565
12716.62399563306	-12.361024122369868
12901.591550924093	-12.572375734574367
13089.249521259411	-12.782432731372863
13279.637039626952	-12.991540834606122
13472.793808217073	-13.199258282571947
13668.760106701786	-13.406274666592783
13867.576800634426	-13.611817772379556
14069.285349971487	-13.816863203538722
14273.927817718419	-14.021320046829501
14481.54687870117	-14.226587986529676
14692.18582846533	-14.429148691653698
14905.888592304698	-14.631895391071678
15122.699734421185	-14.83268083096898
15342.664467217943	-15.031407193493648
15565.828660727671	-15.222979676277031
15792.238852178061	-15.401176926422455
16021.942255696367	-15.569201770903538
16254.986772155136	-15.703770160499925
16491.42099916115	-15.829528695055805
16731.294241189662	-15.928899412301261
16974.65651986603	-16.02140415633773
17221.558584396902	-16.10111157355499
17472.051922153143	-16.17635713140177
17726.188769406665	-16.24334171500528
17984.022122223458	-16.30754030883281
18245.605747515034	-16.366839227379096
18510.99419425065	-16.420727141607394
18780.242804832582	-16.44685627652438
19053.40772663689	-16.469038727725987
19330.545923722028	-16.490310920644045
19611.71518870775	-16.51121437970187
19896.974154826825	-16.53216003459545
20186.382308152035	-16.553069907586597