20.000000, 4.644
20.144928, 4.633
20.290907, 4.623
20.437943, 4.613
20.586044, 4.602
20.735220, 4.592
20.885475, 4.582
21.036821, 4.573
21.189262, 4.562
21.342808, 4.552
21.497467, 4.542
21.653246, 4.531
21.810154, 4.521
21.968201, 4.510
22.127390, 4.500
22.287735, 4.490
22.449242, 4.480
22.611917, 4.470
22.775772, 4.460
22.940815, 4.450
23.107054, 4.440
23.274498, 4.430
23.443153, 4.420
23.613033, 4.409
23.784142, 4.400
23.956491, 4.390
24.130091, 4.380
24.304947, 4.370
24.481071, 4.360
24.658470, 4.350
24.837156, 4.340
25.017136, 4.330
25.198421, 4.320
25.381020, 4.310
25.564941, 4.301
25.750195, 4.291
25.936790, 4.281
26.124741, 4.271
26.314051, 4.261
26.504732, 4.252
26.696796, 4.242
26.890253, 4.232
27.085112, 4.222
27.281382, 4.213
27.479073, 4.203
27.678198, 4.193
27.878765, 4.184
28.080786, 4.173
28.284271, 4.164
28.489231, 4.154
28.695675, 4.145
28.903616, 4.135
29.113064, 4.125
29.324028, 4.116
29.536524, 4.106
29.750557, 4.096
29.966141, 4.087
30.183289, 4.077
30.402010, 4.068
30.622314, 4.057
30.844217, 4.048
31.067726, 4.038
31.292856, 4.029
31.519617, 4.019
31.748020, 4.009
31.978081, 4.000
32.209808, 3.990
32.443211, 3.981
32.678310, 3.971
32.915108, 3.961
33.153625, 3.952
33.393871, 3.942
33.635857, 3.933
33.879597, 3.923
34.125103, 3.914
34.372387, 3.904
34.621464, 3.894
34.872345, 3.885
35.125042, 3.875
35.379574, 3.866
35.635948, 3.857
35.894180, 3.847
36.154285, 3.838
36.416275, 3.828
36.680161, 3.818
36.945961, 3.808
37.213688, 3.799
37.483353, 3.790
37.754974, 3.780
38.028561, 3.771
38.304131, 3.761
38.581699, 3.752
38.861279, 3.743
39.142883, 3.733
39.426529, 3.724
39.712231, 3.714
40.000000, 3.705
40.289856, 3.695
40.581814, 3.686
40.875885, 3.677
41.172089, 3.667
41.470440, 3.658
41.770950, 3.648
42.073643, 3.639
42.378525, 3.630
42.685616, 3.620
42.994934, 3.611
43.306492, 3.601
43.620308, 3.592
43.936401, 3.582
44.254780, 3.573
44.575470, 3.564
44.898483, 3.554
45.223835, 3.545
45.551544, 3.535
45.881630, 3.526
46.214108, 3.517
46.548996, 3.508
46.886307, 3.499
47.226067, 3.489
47.568283, 3.480
47.912983, 3.470
48.260181, 3.461
48.609894, 3.452
48.962143, 3.442
49.316940, 3.433
49.674313, 3.423
50.034271, 3.414
50.396843, 3.405
50.762039, 3.396
51.129883, 3.387
51.500389, 3.377
51.873581, 3.368
52.249481, 3.358
52.628101, 3.349
53.009464, 3.340
53.393593, 3.330
53.780506, 3.321
54.170223, 3.312
54.562763, 3.303
54.958145, 3.294
55.356396, 3.284
55.757530, 3.275
56.161572, 3.265
56.568542, 3.256
56.978462, 3.247
57.391350, 3.238
57.807232, 3.229
58.226128, 3.219
58.648056, 3.210
59.073048, 3.201
59.501114, 3.192
59.932281, 3.183
60.366577, 3.173
60.804020, 3.164
61.244629, 3.154
61.688435, 3.146
62.135452, 3.136
62.585712, 3.127
63.039234, 3.118
63.496040, 3.109
63.956161, 3.100
64.419617, 3.091
64.886421, 3.082
65.356621, 3.073
65.830215, 3.063
66.307251, 3.054
66.787743, 3.045
67.271713, 3.036
67.759193, 3.027
68.250206, 3.018
68.744774, 3.009
69.242928, 3.000
69.744690, 2.991
70.250084, 2.982
70.759148, 2.973
71.271896, 2.964
71.788361, 2.955
72.308571, 2.946
72.832550, 2.937
73.360321, 2.928
73.891922, 2.919
74.427376, 2.910
74.966705, 2.901
75.509949, 2.892
76.057121, 2.883
76.608261, 2.874
77.163399, 2.866
77.722557, 2.857
78.285767, 2.848
78.853058, 2.839
79.424461, 2.830
80.000000, 2.822
80.579712, 2.813
81.163628, 2.804
81.751770, 2.796
82.344177, 2.787
82.940880, 2.779
83.541901, 2.770
84.147285, 2.762
84.757050, 2.754
85.371231, 2.745
85.989868, 2.737
86.612984, 2.728
87.240616, 2.720
87.872803, 2.712
88.509560, 2.704
89.150940, 2.696
89.796967, 2.688
90.447670, 2.680
91.103088, 2.672
91.763260, 2.664
92.428215, 2.657
93.097992, 2.649
93.772614, 2.642
94.452133, 2.633
95.136566, 2.626
95.825966, 2.618
96.520363, 2.611
97.219788, 2.604
97.924286, 2.596
98.633881, 2.589
99.348625, 2.582
100.068542, 2.575
100.793686, 2.568
101.524078, 2.560
102.259766, 2.553
103.000778, 2.546
103.747162, 2.539
104.498962, 2.532
105.256203, 2.525
106.018929, 2.519
106.787186, 2.512
107.561012, 2.505
108.340446, 2.498
109.125526, 2.492
109.916290, 2.486
110.712791, 2.479
111.515060, 2.473
112.323143, 2.466
113.137085, 2.460
113.956924, 2.453
114.782700, 2.447
115.614464, 2.441
116.452255, 2.435
117.296112, 2.430
118.146095, 2.424
119.002228, 2.418
119.864563, 2.413
120.733154, 2.407
121.608040, 2.402
122.489258, 2.396
123.376869, 2.391
124.270905, 2.386
125.171425, 2.381
126.078468, 2.376
126.992081, 2.371
127.912323, 2.366
128.839233, 2.361
129.772842, 2.356
130.713242, 2.351
131.660431, 2.346
132.614502, 2.341
133.575485, 2.335
134.543427, 2.331
135.518387, 2.325
136.500412, 2.320
137.489548, 2.315
138.485855, 2.310
139.489380, 2.305
140.500168, 2.299
141.518295, 2.293
142.543793, 2.287
143.576721, 2.281
144.617142, 2.275
145.665100, 2.269
146.720642, 2.263
147.783844, 2.257
148.854752, 2.251
149.933411, 2.245
151.019897, 2.238
152.114243, 2.232
153.216522, 2.225
154.326797, 2.219
155.445114, 2.213
156.571533, 2.207
157.706116, 2.201
158.848923, 2.195
160.000000, 2.189
161.159424, 2.183
162.327255, 2.178
163.503540, 2.173
164.688354, 2.167
165.881760, 2.162
167.083801, 2.156
168.294571, 2.151
169.514099, 2.146
170.742462, 2.141
171.979736, 2.137
173.225967, 2.132
174.481232, 2.128
175.745605, 2.123
177.019119, 2.119
178.301880, 2.115
179.593933, 2.110
180.895340, 2.106
182.206177, 2.102
183.526520, 2.098
184.856430, 2.094
186.195984, 2.090
187.545227, 2.086
188.904266, 2.081
190.273132, 2.077
191.651932, 2.073
193.040726, 2.069
194.439575, 2.065
195.848572, 2.061
197.267761, 2.057
198.697250, 2.052
200.137085, 2.048
201.587372, 2.044
203.048157, 2.039
204.519531, 2.035
206.001556, 2.030
207.494324, 2.026
208.997925, 2.022
210.512405, 2.018
212.037857, 2.015
213.574371, 2.011
215.122025, 2.008
216.680893, 2.004
218.251053, 2.001
219.832581, 1.998
221.425583, 1.995
223.030121, 1.993
224.646286, 1.990
226.274170, 1.988
227.913849, 1.986
229.565399, 1.985
231.228928, 1.984
232.904510, 1.982
234.592224, 1.981
236.292191, 1.980
238.004456, 1.980
239.729126, 1.979
241.466309, 1.978
243.216080, 1.978
244.978516, 1.977
246.753738, 1.977
248.541809, 1.976
250.342850, 1.975
252.156937, 1.974
253.984161, 1.973
255.824646, 1.973
257.678467, 1.971
259.545685, 1.970
261.426483, 1.969
263.320862, 1.968
265.229004, 1.967
267.150970, 1.964
269.086853, 1.963
271.036774, 1.961
273.000824, 1.960
274.979095, 1.959
276.971710, 1.957
278.978760, 1.956
281.000336, 1.955
283.036591, 1.954
285.087585, 1.954
287.153442, 1.953
289.234283, 1.954
291.330200, 1.953
293.441284, 1.954
295.567688, 1.954
297.709503, 1.955
299.866821, 1.957
302.039795, 1.958
304.228485, 1.960
306.433044, 1.962
308.653595, 1.965
310.890228, 1.968
313.143066, 1.970
315.412231, 1.974
317.697845, 1.976
320.000000, 1.980
322.318848, 1.984
324.654510, 1.988
327.007080, 1.993
329.376709, 1.997
331.763519, 2.002
334.167603, 2.006
336.589142, 2.011
339.028198, 2.016
341.484924, 2.020
343.959473, 2.025
346.451935, 2.029
348.962463, 2.034
351.491211, 2.038
354.038239, 2.043
356.603760, 2.047
359.187866, 2.051
361.790680, 2.056
364.412354, 2.060
367.053040, 2.064
369.712860, 2.069
372.391968, 2.073
375.090454, 2.078
377.808533, 2.082
380.546265, 2.087
383.303864, 2.092
386.081451, 2.097
388.879150, 2.103
391.697144, 2.108
394.535522, 2.115
397.394501, 2.121
400.274170, 2.128
403.174744, 2.136
406.096313, 2.143
409.039062, 2.151
412.003113, 2.159
414.988647, 2.168
417.995850, 2.177
421.024811, 2.186
424.075714, 2.196
427.148743, 2.205
430.244049, 2.216
433.361786, 2.226
436.502106, 2.237
439.665161, 2.249
442.851166, 2.260
446.060242, 2.273
449.292572, 2.286
452.548340, 2.300
455.827698, 2.316
459.130798, 2.332
462.457855, 2.350
465.809021, 2.367
469.184448, 2.386
472.584381, 2.404
476.008911, 2.423
479.458252, 2.442
482.932617, 2.461
486.432159, 2.481
489.957031, 2.499
493.507477, 2.518
497.083618, 2.536
500.685699, 2.555
504.313873, 2.572
507.968323, 2.589
511.649292, 2.607
515.356934, 2.623
519.091370, 2.640
522.852966, 2.656
526.641724, 2.672
530.458008, 2.687
534.301941, 2.702
538.173706, 2.717
542.073547, 2.731
546.001648, 2.746
549.958191, 2.759
553.943420, 2.772
557.957520, 2.786
562.000671, 2.799
566.073181, 2.812
570.175171, 2.825
574.306885, 2.838
578.468567, 2.850
582.660400, 2.862
586.882568, 2.875
591.135376, 2.887
595.419006, 2.899
599.733643, 2.911
604.079590, 2.922
608.456970, 2.934
612.866089, 2.945
617.307190, 2.956
621.780457, 2.967
626.286133, 2.978
630.824463, 2.989
635.395691, 2.999
640.000000, 3.010
644.637695, 3.020
649.309021, 3.031
654.014160, 3.042
658.753418, 3.052
663.527039, 3.063
668.335205, 3.073
673.178284, 3.084
678.056396, 3.095
682.969849, 3.106
687.918945, 3.117
692.903870, 3.128
697.924927, 3.139
702.982422, 3.150
708.076477, 3.161
713.207520, 3.172
718.375732, 3.182
723.581360, 3.192
728.824707, 3.202
734.106079, 3.212
739.425720, 3.221
744.783936, 3.230
750.180908, 3.238
755.617065, 3.246
761.092529, 3.254
766.607727, 3.261
772.162903, 3.267
777.758301, 3.273
783.394287, 3.278
789.071045, 3.283
794.789001, 3.286
800.548340, 3.289
806.349487, 3.291
812.192627, 3.293
818.078125, 3.294
824.006226, 3.295
829.977295, 3.296
835.991699, 3.296
842.049622, 3.296
848.151428, 3.296
854.297485, 3.295
860.488098, 3.296
866.723572, 3.296
873.004211, 3.297
879.330322, 3.299
885.702332, 3.301
892.120483, 3.304
898.585144, 3.308
905.096680, 3.313
911.655396, 3.320
918.261597, 3.327
924.915710, 3.336
931.618042, 3.345
938.368896, 3.355
945.168762, 3.367
952.017822, 3.379
958.916504, 3.393
965.865234, 3.406
972.864319, 3.421
979.914062, 3.436
987.014954, 3.452
994.167236, 3.467
1001.371399, 3.483
1008.627747, 3.498
1015.936646, 3.513
1023.298584, 3.528
1030.713867, 3.542
1038.182739, 3.556
1045.705933, 3.571
1053.283447, 3.587
1060.916016, 3.604
1068.603882, 3.624
1076.347412, 3.646
1084.147095, 3.671
1092.003296, 3.699
1099.916382, 3.730
1107.886841, 3.764
1115.915039, 3.800
1124.001343, 3.839
1132.146362, 3.879
1140.350342, 3.921
1148.613770, 3.963
1156.937134, 4.006
1165.320801, 4.048
1173.765137, 4.090
1182.270752, 4.132
1190.838013, 4.174
1199.467285, 4.217
1208.159180, 4.261
1216.913940, 4.306
1225.732178, 4.354
1234.614380, 4.404
1243.560913, 4.457
1252.572266, 4.513
1261.648926, 4.572
1270.791382, 4.634
1280.000000, 4.700
1289.275391, 4.768
1298.618042, 4.838
1308.028320, 4.911
1317.506836, 4.985
1327.054077, 5.061
1336.670410, 5.139
1346.356567, 5.218
1356.112793, 5.298
1365.939697, 5.379
1375.837891, 5.460
1385.807739, 5.543
1395.849854, 5.626
1405.964844, 5.709
1416.152954, 5.793
1426.415039, 5.877
1436.751465, 5.962
1447.162720, 6.048
1457.649414, 6.135
1468.212158, 6.223
1478.851440, 6.311
1489.567871, 6.401
1500.361816, 6.490
1511.234131, 6.580
1522.185059, 6.670
1533.215454, 6.760
1544.325806, 6.850
1555.516602, 6.940
1566.788574, 7.031
1578.142090, 7.120
1589.578003, 7.211
1601.096680, 7.302
1612.698975, 7.392
1624.385254, 7.484
1636.156250, 7.578
1648.012451, 7.672
1659.954590, 7.768
1671.983398, 7.865
1684.099243, 7.963
1696.302856, 8.063
1708.594971, 8.165
1720.976196, 8.268
1733.447144, 8.372
1746.008423, 8.477
1758.660645, 8.584
1771.404663, 8.691
1784.240967, 8.800
1797.170288, 8.910
1810.193359, 9.021
1823.310791, 9.132
1836.523193, 9.245
1849.831421, 9.357
1863.236084, 9.470
1876.737793, 9.584
1890.337524, 9.697
1904.035645, 9.811
1917.833008, 9.925
1931.730469, 10.040
1945.728638, 10.157
1959.828125, 10.276
1974.029907, 10.401
1988.334473, 10.531
2002.742798, 10.667
2017.255493, 10.807
2031.873291, 10.949
2046.597168, 11.087
2061.427734, 11.220
2076.365479, 11.344
2091.411865, 11.460
2106.566895, 11.570
2121.832031, 11.676
2137.207764, 11.778
2152.694824, 11.878
2168.294189, 11.977
2184.006592, 12.075
2199.832764, 12.172
2215.773682, 12.270
2231.830078, 12.369
2248.002686, 12.468
2264.292725, 12.568
2280.700684, 12.668
2297.227539, 12.769
2313.874268, 12.870
2330.641602, 12.971
2347.530273, 13.071
2364.541504, 13.171
2381.676025, 13.268
2398.934570, 13.362
2416.318359, 13.454
2433.827881, 13.543
2451.464355, 13.627
2469.228760, 13.707
2487.121826, 13.780
2505.144531, 13.850
2523.297852, 13.915
2541.582764, 13.979
2560.000000, 14.041
2578.550781, 14.103
2597.236084, 14.165
2616.056641, 14.224
2635.013672, 14.283
2654.108154, 14.338
2673.340820, 14.391
2692.713135, 14.440
2712.225586, 14.487
2731.879395, 14.529
2751.675781, 14.569
2771.615479, 14.605
2791.699707, 14.637
2811.929688, 14.665
2832.305908, 14.689
2852.830078, 14.711
2873.502930, 14.728
2894.325439, 14.742
2915.298828, 14.753
2936.424316, 14.761
2957.702881, 14.767
2979.135742, 14.770
3000.723633, 14.771
3022.468262, 14.771
3044.370117, 14.769
3066.430908, 14.766
3088.651611, 14.761
3111.033203, 14.755
3133.577148, 14.748
3156.284180, 14.739
3179.156006, 14.729
3202.193359, 14.717
3225.397949, 14.704
3248.770508, 14.690
3272.312500, 14.673
3296.024902, 14.654
3319.909180, 14.632
3343.966797, 14.608
3368.198486, 14.581
3392.605713, 14.551
3417.189941, 14.518
3441.952393, 14.483
3466.894287, 14.446
3492.016846, 14.405
3517.321289, 14.362
3542.809326, 14.318
3568.481934, 14.271
3594.340576, 14.223
3620.386719, 14.174
3646.621582, 14.122
3673.046387, 14.070
3699.662842, 14.016
3726.472168, 13.961
3753.475586, 13.904
3780.675049, 13.846
3808.071289, 13.787
3835.666016, 13.726
3863.460938, 13.664
3891.457275, 13.600
3919.656250, 13.535
3948.059814, 13.469
3976.668945, 13.401
4005.485596, 13.333
4034.510986, 13.264
4063.746582, 13.193
4093.194336, 13.122
4122.855469, 13.050
4152.730957, 12.977
4182.823730, 12.904
4213.133789, 12.829
4243.664062, 12.755
4274.415527, 12.679
4305.389648, 12.603
4336.588379, 12.527
4368.013184, 12.449
4399.665527, 12.371
4431.547363, 12.292
4463.660156, 12.212
4496.005371, 12.131
4528.585449, 12.049
4561.401367, 11.968
4594.455078, 11.885
4627.748535, 11.802
4661.283203, 11.719
4695.060547, 11.636
4729.083008, 11.553
4763.352051, 11.471
4797.869141, 11.390
4832.636719, 11.310
4867.655762, 11.232
4902.928711, 11.154
4938.457520, 11.079
4974.243652, 11.006
5010.289062, 10.935
5046.595703, 10.867
5083.165527, 10.800
5120.000000, 10.736
5157.101562, 10.673
5194.472168, 10.613
5232.113281, 10.553
5270.027344, 10.496
5308.216309, 10.439
5346.681641, 10.383
5385.426270, 10.328
5424.451172, 10.273
5463.758789, 10.218
5503.351562, 10.163
5543.230957, 10.106
5583.399414, 10.049
5623.859375, 9.989
5664.611816, 9.927
5705.660156, 9.862
5747.005859, 9.795
5788.650879, 9.724
5830.597656, 9.649
5872.848633, 9.570
5915.405762, 9.487
5958.271484, 9.399
6001.447266, 9.307
6044.936523, 9.209
6088.740234, 9.106
6132.861816, 8.995
6177.303223, 8.872
6222.066406, 8.726
6267.154297, 8.554
6312.568359, 8.378
6358.312012, 8.211
6404.386719, 8.056
6450.795898, 7.910
6497.541016, 7.767
6544.625000, 7.616
6592.049805, 7.450
6639.818359, 7.268
6687.933594, 7.069
6736.396973, 6.856
6785.211426, 6.635
6834.379883, 6.411
6883.904785, 6.195
6933.788574, 5.994
6984.033691, 5.814
7034.642578, 5.653
7085.618652, 5.501
7136.963867, 5.349
7188.681152, 5.191
7240.773438, 5.033
7293.243164, 4.881
7346.092773, 4.746
7399.325684, 4.629
7452.944336, 4.531
7506.951172, 4.453
7561.350098, 4.400
7616.142578, 4.386
7671.332031, 4.427
7726.921875, 4.534
7782.914551, 4.704
7839.312500, 4.924
7896.119629, 5.178
7953.337891, 5.457
8010.971191, 5.753
8069.021973, 6.060
8127.493164, 6.361
8186.388672, 6.630
8245.710938, 6.831
8305.461914, 6.925
8365.647461, 6.872
8426.267578, 6.631
8487.328125, 6.185
8548.831055, 5.557
8610.779297, 4.808
8673.176758, 4.009
8736.026367, 3.201
8799.331055, 2.391
8863.094727, 1.572
8927.320312, 0.748
8992.010742, -0.056
9057.170898, -0.817
9122.802734, -1.524
9188.910156, -2.188
9255.497070, -2.817
9322.566406, -3.396
9390.121094, -3.890
9458.166016, -4.271
9526.704102, -4.527
9595.738281, -4.667
9665.273438, -4.699
9735.311523, -4.633
9805.857422, -4.474
9876.915039, -4.223
9948.487305, -3.893
10020.578125, -3.517
10093.191406, -3.152
10166.331055, -2.852
10240.000000, -2.646
10314.203125, -2.537
10388.944336, -2.513
10464.226562, -2.556
10540.054688, -2.651
10616.432617, -2.799
10693.363281, -3.011
10770.852539, -3.278
10848.902344, -3.560
10927.517578, -3.806
11006.703125, -3.983
11086.461914, -4.088
11166.798828, -4.120
11247.718750, -4.071
11329.223633, -3.929
11411.320312, -3.700
11494.011719, -3.396
11577.301758, -3.036
11661.195312, -2.640
11745.697266, -2.225
11830.811523, -1.796
11916.542969, -1.347
12002.894531, -0.870
12089.873047, -0.374
12177.480469, 0.102
12265.723633, 0.507
12354.606445, 0.793
12444.132812, 0.918
12534.308594, 0.854
12625.136719, 0.593
12716.624023, 0.163
12808.773438, -0.366
12901.591797, -0.903
12995.082031, -1.362
13089.250000, -1.693
13184.099609, -1.894
13279.636719, -1.981
13375.867188, -1.965
13472.793945, -1.843
13570.422852, -1.610
13668.759766, -1.277
13767.809570, -0.878
13867.577148, -0.464
13968.067383, -0.081
14069.285156, 0.233
14171.237305, 0.452
14273.927734, 0.549
14377.362305, 0.495
14481.546875, 0.276
14586.486328, -0.080
14692.185547, -0.511
14798.651367, -0.959
14905.888672, -1.398
15013.902344, -1.817
15122.700195, -2.203
15232.285156, -2.525
15342.664062, -2.728
15453.843750, -2.773
15565.829102, -2.712
15678.625000, -2.639
15792.239258, -2.596
15906.675781, -2.559
16021.942383, -2.494
16138.043945, -2.396
16254.986328, -2.286
16372.777344, -2.195
16491.421875, -2.173
16610.923828, -2.259
16731.294922, -2.438
16852.535156, -2.669
16974.656250, -2.916
17097.662109, -3.166
17221.558594, -3.417
17346.353516, -3.668
17472.052734, -3.920
17598.662109, -4.171
17726.189453, -4.424
17854.640625, -4.675
17984.021484, -4.927
18114.341797, -5.178
18245.605469, -5.430
18377.820312, -5.682
18510.994141, -5.933
18645.132812, -6.185
18780.242188, -6.437
18916.332031, -6.688
19053.408203, -6.940
19191.476562, -7.191
19330.546875, -7.443
19470.623047, -7.695
19611.714844, -7.942
19753.830078, -8.158
19896.974609, -8.215
